-------------------------------------------------------------------------------------------------------------------------------------------------------------------
  Bin Id           Marker lineage        # genomes   # markers   # marker sets   0     1     2   3   4   5+   Completeness   Contamination   Strain heterogeneity  
-------------------------------------------------------------------------------------------------------------------------------------------------------------------
  B0993986   Neisseria gonorrhoeae (6)       14         1201          205        14   1185   2   0   0   0       99.25            0.24              50.00          
-------------------------------------------------------------------------------------------------------------------------------------------------------------------
  B0994486   Neisseria gonorrhoeae (6)       14         1201          205        14   1185   2   0   0   0       99.25            0.24              50.00          
-------------------------------------------------------------------------------------------------------------------------------------------------------------------
  B0994811   Neisseria gonorrhoeae (6)       14         1201          205        14   1185   2   0   0   0       99.25            0.24              50.00          
-------------------------------------------------------------------------------------------------------------------------------------------------------------------
  B0994850   Neisseria gonorrhoeae (6)       14         1201          205        15   1184   2   0   0   0       99.22            0.24              50.00          
-------------------------------------------------------------------------------------------------------------------------------------------------------------------
  B1180909   Neisseria gonorrhoeae (6)       14         1201          205        14   1185   2   0   0   0       99.25            0.24              50.00          
-------------------------------------------------------------------------------------------------------------------------------------------------------------------
  B1180975   Neisseria gonorrhoeae (6)       14         1201          205        12   1187   2   0   0   0       99.51            0.24              50.00          
-------------------------------------------------------------------------------------------------------------------------------------------------------------------
  B1181150   Neisseria gonorrhoeae (6)       14         1201          205        13   1186   2   0   0   0       99.49            0.24              50.00          
-------------------------------------------------------------------------------------------------------------------------------------------------------------------
  B1181151   Neisseria gonorrhoeae (6)       14         1201          205        13   1186   2   0   0   0       99.49            0.24              50.00          
-------------------------------------------------------------------------------------------------------------------------------------------------------------------
  B1181158   Neisseria gonorrhoeae (6)       14         1201          205        13   1186   2   0   0   0       99.49            0.24              50.00          
-------------------------------------------------------------------------------------------------------------------------------------------------------------------
  B1181159   Neisseria gonorrhoeae (6)       14         1201          205        12   1187   2   0   0   0       99.51            0.24              50.00          
-------------------------------------------------------------------------------------------------------------------------------------------------------------------
  B1181507   Neisseria gonorrhoeae (6)       14         1201          205        14   1185   2   0   0   0       99.25            0.24              50.00          
-------------------------------------------------------------------------------------------------------------------------------------------------------------------
  B1181903   Neisseria gonorrhoeae (6)       14         1201          205        13   1186   2   0   0   0       99.49            0.24              50.00          
-------------------------------------------------------------------------------------------------------------------------------------------------------------------
  B1182033   Neisseria gonorrhoeae (6)       14         1201          205        13   1186   2   0   0   0       99.49            0.24              50.00          
-------------------------------------------------------------------------------------------------------------------------------------------------------------------
  B1182034   Neisseria gonorrhoeae (6)       14         1201          205        14   1185   2   0   0   0       99.25            0.24              50.00          
-------------------------------------------------------------------------------------------------------------------------------------------------------------------
  B1182882   Neisseria gonorrhoeae (6)       14         1201          205        13   1186   2   0   0   0       99.49            0.24              50.00          
-------------------------------------------------------------------------------------------------------------------------------------------------------------------
  B1182969   Neisseria gonorrhoeae (6)       14         1201          205        12   1187   2   0   0   0       99.51            0.24              50.00          
-------------------------------------------------------------------------------------------------------------------------------------------------------------------
  B1182970   Neisseria gonorrhoeae (6)       14         1201          205        13   1186   2   0   0   0       99.49            0.24              50.00          
-------------------------------------------------------------------------------------------------------------------------------------------------------------------
  B1183043   Neisseria gonorrhoeae (6)       14         1201          205        14   1185   2   0   0   0       99.25            0.24              50.00          
-------------------------------------------------------------------------------------------------------------------------------------------------------------------
  B1183088   Neisseria gonorrhoeae (6)       14         1201          205        13   1186   2   0   0   0       99.49            0.24              50.00          
-------------------------------------------------------------------------------------------------------------------------------------------------------------------
  B1220214   Neisseria gonorrhoeae (6)       14         1201          205        13   1186   2   0   0   0       99.49            0.24              50.00          
-------------------------------------------------------------------------------------------------------------------------------------------------------------------
  B1299860   Neisseria gonorrhoeae (6)       14         1201          205        13   1186   2   0   0   0       99.49            0.24              50.00          
-------------------------------------------------------------------------------------------------------------------------------------------------------------------
  B1330897   Neisseria gonorrhoeae (6)       14         1201          205        15   1184   2   0   0   0       99.15            0.24              50.00          
-------------------------------------------------------------------------------------------------------------------------------------------------------------------
  B1330898   Neisseria gonorrhoeae (6)       14         1201          205        14   1185   2   0   0   0       99.25            0.24              50.00          
-------------------------------------------------------------------------------------------------------------------------------------------------------------------
  B1349086   Neisseria gonorrhoeae (6)       14         1201          205        13   1186   2   0   0   0       99.26            0.24              50.00          
-------------------------------------------------------------------------------------------------------------------------------------------------------------------
  B1354959   Neisseria gonorrhoeae (6)       14         1201          205        12   1187   2   0   0   0       99.51            0.24              50.00          
-------------------------------------------------------------------------------------------------------------------------------------------------------------------
  B1367104   Neisseria gonorrhoeae (6)       14         1201          205        14   1185   2   0   0   0       99.25            0.24              50.00          
-------------------------------------------------------------------------------------------------------------------------------------------------------------------
  B1367106   Neisseria gonorrhoeae (6)       14         1201          205        14   1185   2   0   0   0       99.25            0.24              50.00          
-------------------------------------------------------------------------------------------------------------------------------------------------------------------
  B1367131   Neisseria gonorrhoeae (6)       14         1201          205        13   1186   2   0   0   0       99.43            0.24              50.00          
-------------------------------------------------------------------------------------------------------------------------------------------------------------------
  B1399833   Neisseria gonorrhoeae (6)       14         1201          205        13   1186   2   0   0   0       99.49            0.24              50.00          
-------------------------------------------------------------------------------------------------------------------------------------------------------------------
  B1838859   Neisseria gonorrhoeae (6)       14         1201          205        14   1185   2   0   0   0       99.25            0.24              50.00          
-------------------------------------------------------------------------------------------------------------------------------------------------------------------
  B2092301   Neisseria gonorrhoeae (6)       14         1201          205        14   1185   2   0   0   0       99.40            0.24              50.00          
-------------------------------------------------------------------------------------------------------------------------------------------------------------------
  B2092354   Neisseria gonorrhoeae (6)       14         1201          205        14   1185   2   0   0   0       99.40            0.24              50.00          
-------------------------------------------------------------------------------------------------------------------------------------------------------------------
  B2092391   Neisseria gonorrhoeae (6)       14         1201          205        14   1185   2   0   0   0       99.40            0.24              50.00          
-------------------------------------------------------------------------------------------------------------------------------------------------------------------
  B2541877   Neisseria gonorrhoeae (6)       14         1201          205        13   1186   2   0   0   0       99.49            0.24              50.00          
-------------------------------------------------------------------------------------------------------------------------------------------------------------------
